Request 10:
  14.42
  94.66
  85.06
  111.64
  103.72
  100.40
  97.80
  77.23
  89.09
  99.98
  88.84
  86.23
  114.94
  97.08
  94.22
  98.89
  108.81
  92.58
  75.08
  85.46
  113.74
  96.39
  106.80
  89.51
  82.96
  88.91
  107.02
  112.52
  91.61
  92.46
Request 50:
  101.63
  84.03
  96.75
  98.50
  102.19
  96.37
  100.05
  97.00
  112.14
  98.65
  93.19
  94.58
  103.02
  94.19
  94.38
  96.15
  94.68
  95.65
  95.07
  98.67
  98.20
  94.18
  90.00
  104.18
  103.33
  102.70
  93.55
  96.07
  103.80
  86.11
Request 100:
  98.93
  105.69
  99.64
  102.41
  95.39
  100.79
  98.95
  102.25
  95.89
  96.14
  103.79
  99.25
  106.01
  98.63
  98.31
  95.82
  89.55
  102.12
  104.51
  94.84
  106.74
  95.37
  101.05
  100.04
  98.25
  101.16
  103.48
  106.01
  98.98
  96.57
Request 500:
  97.56
  98.90
  99.52
  98.68
  99.45
  100.52
  99.56
  99.24
  99.55
  100.75
  98.04
  99.54
  96.32
  99.58
  98.08
  98.05
  98.59
  98.52
  99.54
  100.44
  98.67
  98.11
  98.32
  97.00
  98.93
  99.65
  98.69
  98.72
  97.99
  96.80
Request 1000:
  99.29
  98.41
  99.03
  98.47
  98.93
  100.72
  98.30
  97.54
  99.81
  99.02
  98.91
  99.29
  97.54
  100.76
  99.58
  98.33
  99.42
  99.03
  98.38
  98.35
  100.23
  99.30
  99.56
  99.77
  100.15
  99.17
  96.84
  97.87
  100.02
  98.67
Request 5000:
  101.18
  100.59
  100.48
  100.66
  100.30
  100.77
  100.54
  101.29
  100.84
  100.97
  100.62
  100.69
  100.32
  100.38
  101.00
  101.12
  101.03
  100.28
  100.39
  100.75
  100.43
  100.94
  101.07
  101.09
  101.46
  101.16
  101.07
  101.39
  101.12
  101.09
Request 10000:
  100.67
  100.99
  100.99
  100.67
  101.58
  101.00
  100.98
  101.67
  101.46
  100.68
  100.96
  101.03
  101.04
  101.16
  101.21
  101.01
  101.08
  100.77
  100.58
  101.00
  100.31
  101.16
  100.94
  101.28
  100.54
  101.50
  100.51
  101.07
  100.85
  100.85
