Request 10:
  13.63
  92.75
  99.23
  106.93
  102.97
  102.58
  101.68
  90.46
  101.58
  99.85
  102.41
  106.67
  112.52
  59.16
  79.80
  94.58
  70.85
  82.84
  97.39
  104.19
  104.92
  91.46
  108.36
  101.13
  70.68
  90.94
  76.26
  98.38
  103.10
  103.94
Request 50:
  100.53
  89.03
  98.11
  101.15
  104.10
  91.59
  94.47
  90.88
  63.02
  91.71
  98.45
  100.12
  91.00
  90.99
  94.75
  107.30
  105.65
  91.40
  93.08
  96.44
  103.42
  103.45
  98.51
  83.01
  86.65
  89.90
  93.53
  91.75
  105.92
  91.70
Request 100:
  92.76
  95.13
  98.29
  95.80
  95.34
  99.92
  93.95
  104.02
  95.57
  99.91
  88.10
  80.33
  109.68
  95.38
  96.49
  98.47
  94.11
  94.76
  91.46
  101.35
  101.33
  99.63
  95.53
  97.39
  95.06
  96.55
  75.18
  79.02
  88.19
  81.80
Request 500:
  84.22
  86.99
  88.21
  85.01
  83.87
  86.93
  87.66
  89.13
  85.96
  87.38
  89.57
  88.59
  87.86
  88.92
  85.88
  97.53
  99.47
  102.59
  108.95
  84.24
  90.62
  92.13
  88.29
  94.68
  83.66
  85.51
  85.28
  87.96
  84.64
  83.85
Request 1000:
  83.92
  78.77
  84.41
  81.58
  88.84
  97.14
  88.73
  86.54
  88.67
  88.60
  89.88
  87.26
  88.99
  89.99
  91.01
  89.69
  89.81
  90.09
  89.13
  89.91
  90.69
  94.07
  96.75
  99.14
  99.59
  98.21
  97.92
  94.29
  96.40
  97.32
Request 5000:
  98.00
  98.17
  97.52
  99.45
  100.13
  101.24
  100.67
  100.56
  101.89
  101.33
  100.99
  101.46
  100.81
  101.63
  100.64
  101.55
  101.13
  102.06
  101.45
  101.67
  102.52
  101.42
  101.00
  101.60
  101.19
  102.06
  100.76
  101.51
  101.65
  101.40
Request 10000:
  101.10
  102.00
  100.96
  101.25
  101.65
  101.81
  100.77
  100.69
  101.56
  100.69
  102.15
  101.39
  102.02
  101.35
  101.47
  100.97
  101.72
  102.20
  101.85
  101.94
  101.40
  102.35
  102.15
  100.96
  100.57
  102.29
  100.70
  101.08
  100.37
  101.89
