Request 10:
  12.98
  147.68
  135.75
  148.02
  155.04
  151.52
  167.46
  142.65
  153.59
  136.01
  133.45
  155.77
  155.05
  147.14
  157.95
  150.53
  158.32
  154.95
  161.35
  141.77
  163.63
  168.62
  141.61
  145.43
  138.01
  156.97
  150.43
  135.60
  149.37
  148.96
Request 50:
  134.01
  145.97
  148.26
  158.95
  150.94
  156.40
  153.33
  143.58
  151.94
  155.84
  151.59
  162.02
  152.81
  144.34
  130.21
  156.76
  142.01
  143.69
  159.81
  144.46
  155.02
  166.62
  142.38
  142.19
  157.18
  148.47
  153.68
  160.77
  129.00
  154.31
Request 100:
  154.36
  152.15
  143.85
  146.75
  158.68
  145.34
  144.99
  152.60
  152.23
  138.06
  149.65
  146.66
  149.79
  144.53
  128.95
  145.74
  152.63
  147.63
  144.50
  157.12
  140.83
  127.51
  156.07
  148.49
  151.41
  151.09
  151.80
  156.81
  136.96
  156.47
Request 500:
  140.82
  139.81
  144.04
  144.43
  139.85
  143.38
  140.27
  142.95
  144.99
  140.33
  136.05
  140.85
  138.50
  137.49
  140.67
  141.35
  142.79
  140.00
  138.25
  144.03
  139.53
  144.52
  136.13
  140.23
  139.93
  141.33
  137.63
  138.55
  145.03
  137.58
Request 1000:
  135.73
  138.61
  138.51
  132.46
  138.92
  141.56
  142.51
  142.18
  136.68
  141.19
  141.22
  146.00
  145.00
  126.00
  118.43
  116.55
  116.29
  112.31
  116.93
  115.51
  112.96
  115.96
  112.80
  114.88
  118.86
  111.87
  110.48
  115.30
  118.61
  141.32
Request 5000:
  122.42
  123.31
  129.45
  139.21
  120.15
  132.18
  133.09
  126.68
  129.79
  134.10
  134.07
  142.55
  133.46
  130.96
  135.66
  134.22
  137.06
  138.53
  139.36
  131.51
  129.66
  130.63
  123.30
  121.63
  141.79
  127.88
  139.18
  136.09
  137.49
  134.96
Request 10000:
  116.84
  138.77
  114.93
  136.62
  116.15
  123.74
  114.23
  128.22
  113.12
  120.06
  116.43
  122.70
  128.53
  121.98
  132.60
  137.89
  124.34
  131.44
  137.07
  125.75
  104.69
  84.42
  98.53
  101.89
  132.64
  133.13
  113.74
  127.69
  136.08
  119.44
