Request 10:
  15.21
  106.19
  107.03
  103.76
  100.23
  86.22
  102.42
  93.27
  94.83
  91.99
  90.21
  92.84
  95.28
  93.56
  104.20
  74.99
  106.81
  89.96
  95.91
  95.14
  93.82
  83.58
  101.37
  103.61
  69.92
  95.38
  97.09
  88.66
  91.34
  85.30
Request 50:
  89.29
  103.28
  101.20
  98.09
  102.11
  100.31
  106.02
  97.68
  94.52
  106.69
  84.99
  98.58
  108.83
  100.80
  101.03
  100.79
  102.03
  89.44
  86.82
  99.00
  105.14
  102.58
  98.59
  108.15
  101.05
  89.86
  104.56
  85.10
  96.88
  99.09
Request 100:
  94.42
  102.23
  103.93
  96.42
  99.15
  101.64
  100.41
  103.54
  98.97
  91.77
  104.52
  101.80
  100.29
  97.79
  102.10
  100.04
  100.97
  109.05
  91.44
  101.85
  103.94
  105.93
  102.77
  95.95
  102.61
  99.85
  99.69
  100.74
  97.74
  99.42
Request 500:
  104.44
  102.78
  102.65
  103.07
  103.44
  102.87
  104.36
  102.43
  103.60
  101.43
  100.61
  101.57
  103.29
  103.85
  101.89
  104.21
  102.96
  102.02
  102.90
  100.58
  101.81
  102.50
  103.30
  102.40
  102.40
  102.87
  103.07
  107.38
  100.05
  102.21
Request 1000:
  101.17
  100.34
  102.57
  102.23
  102.94
  105.56
  103.20
  103.14
  102.21
  101.45
  103.63
  103.82
  102.54
  103.13
  102.35
  103.53
  102.71
  102.17
  100.50
  104.10
  102.95
  102.73
  102.88
  102.31
  103.63
  103.63
  103.65
  105.18
  103.92
  104.00
Request 5000:
  104.09
  104.44
  105.13
  104.06
  103.94
  103.38
  105.86
  104.55
  103.94
  104.36
  104.72
  104.56
  104.18
  103.86
  103.71
  103.48
  103.85
  103.65
  104.32
  104.31
  105.27
  104.86
  104.52
  103.32
  103.23
  104.10
  104.73
  104.98
  104.34
  104.86
Request 10000:
  104.71
  104.57
  104.54
  102.93
  93.10
  103.90
  103.94
  104.35
  104.40
  104.25
  104.68
  104.16
  104.43
  97.82
  83.89
  92.69
  95.18
  101.69
  101.21
  101.79
  103.57
  104.54
  104.24
  103.88
  103.54
  103.77
  103.67
  103.23
  103.29
  103.60
