Request 10:
  75.88
  99.68
  88.38
  78.04
  94.32
  74.76
  94.02
  104.34
  91.67
  79.62
  75.09
  84.81
  93.55
  96.14
  97.32
  76.29
  62.43
  68.38
  100.71
  89.57
  50.65
  94.13
  83.83
  79.23
  92.18
  96.71
  74.59
  92.96
  99.30
  68.02
Request 50:
  74.98
  70.10
  75.26
  77.60
  84.18
  67.79
  72.51
  75.49
  72.16
  73.97
  80.29
  72.92
  69.39
  79.61
  79.34
  72.43
  80.97
  74.07
  74.82
  72.91
  68.88
  81.63
  77.97
  74.71
  75.05
  78.57
  73.56
  77.02
  81.44
  71.80
Request 100:
  76.08
  84.42
  76.06
  89.09
  86.46
  89.75
  81.60
  88.95
  90.84
  89.25
  84.73
  85.31
  87.84
  85.79
  83.93
  82.86
  90.71
  86.97
  85.20
  83.52
  84.42
  85.34
  91.39
  86.71
  86.39
  87.73
  87.32
  87.03
  83.99
  85.19
Request 500:
  87.08
  86.70
  86.89
  84.92
  88.07
  87.91
  87.56
  88.19
  86.43
  86.29
  85.13
  87.75
  84.35
  85.27
  86.94
  86.69
  87.24
  85.56
  86.69
  89.05
  87.96
  87.17
  87.88
  88.63
  86.06
  86.55
  87.72
  86.71
  86.53
  86.21
Request 1000:
  87.78
  88.32
  88.27
  87.26
  88.12
  87.99
  87.75
  86.71
  87.75
  87.74
  87.53
  89.21
  88.35
  88.27
  87.04
  88.67
  86.53
  88.56
  87.09
  87.84
  86.63
  88.34
  87.63
  87.10
  87.62
  87.22
  89.62
  87.93
  88.77
  87.26
Request 5000:
  88.46
  88.16
  88.06
  88.79
  88.15
  88.46
  88.08
  88.53
  89.09
  88.02
  88.78
  88.91
  89.13
  88.38
  88.77
  88.55
  88.90
  88.07
  88.95
  88.24
  88.62
  88.85
  89.06
  89.25
  89.53
  89.46
  89.58
  89.69
  89.16
  89.40
Request 10000:
  89.42
  88.94
  89.52
  89.79
  89.63
  83.08
  89.75
  89.80
  89.68
  89.95
  89.92
  90.28
  89.90
  90.08
  88.30
  83.66
  83.27
  83.13
  83.88
  83.41
  83.97
  83.87
  83.12
  83.82
  84.11
  84.05
  83.63
  83.91
  84.11
  84.02
