Request 10:
  12.71
  86.23
  73.17
  75.75
  77.07
  94.34
  81.67
  76.96
  94.99
  100.60
  95.93
  80.02
  94.13
  73.79
  67.87
  91.31
  92.84
  84.96
  92.21
  63.09
  65.32
  88.08
  95.25
  68.01
  72.59
  84.17
  81.79
  91.98
  76.68
  91.83
Request 50:
  70.12
  70.69
  72.36
  69.85
  77.09
  74.67
  70.84
  77.18
  67.48
  69.74
  76.66
  77.06
  78.41
  77.64
  72.96
  71.56
  78.20
  75.19
  70.89
  72.57
  77.57
  76.10
  72.31
  74.48
  74.89
  73.41
  76.24
  81.36
  76.63
  86.98
Request 100:
  72.27
  80.29
  78.69
  75.49
  83.67
  86.75
  84.89
  86.05
  82.11
  86.15
  87.75
  86.88
  84.70
  87.55
  83.62
  85.25
  82.46
  85.10
  88.46
  86.47
  82.66
  86.90
  86.70
  89.71
  84.84
  81.88
  84.94
  88.70
  88.78
  82.93
Request 500:
  86.60
  88.25
  84.92
  87.81
  86.73
  84.41
  86.14
  86.47
  85.81
  86.10
  86.62
  87.21
  89.49
  88.12
  89.85
  88.07
  88.81
  89.95
  87.78
  88.18
  89.33
  88.56
  89.61
  89.62
  88.43
  88.04
  89.16
  87.33
  89.40
  87.66
Request 1000:
  87.76
  89.43
  87.64
  88.93
  88.31
  89.48
  88.57
  87.99
  89.05
  88.88
  87.41
  88.65
  88.80
  88.15
  88.16
  89.35
  88.63
  89.86
  89.39
  87.99
  90.17
  90.19
  88.85
  89.38
  90.14
  90.40
  89.73
  88.37
  90.26
  89.39
Request 5000:
  90.37
  90.62
  90.11
  90.35
  90.22
  89.99
  89.92
  89.94
  89.84
  90.63
  90.32
  90.46
  91.04
  89.99
  89.86
  89.69
  90.47
  89.91
  90.90
  90.55
  90.42
  89.88
  89.64
  89.90
  90.15
  90.35
  90.47
  90.41
  90.23
  89.85
Request 10000:
  90.61
  90.90
  82.30
  88.92
  90.24
  90.69
  90.65
  90.27
  90.61
  90.00
  87.03
  71.24
  78.16
  80.35
  87.39
  86.66
  89.44
  90.49
  90.50
  89.96
  90.51
  89.98
  89.72
  90.39
  89.68
  90.27
  89.91
  90.14
  90.07
  89.79
