Request 10:
  11.69
  147.95
  136.00
  131.89
  148.07
  138.00
  148.96
  155.51
  152.65
  134.23
  148.84
  144.61
  141.21
  146.33
  86.80
  147.11
  98.22
  127.27
  124.14
  151.81
  146.43
  149.24
  145.20
  136.13
  150.39
  138.13
  143.87
  138.68
  136.49
  151.86
Request 50:
  147.33
  139.43
  139.35
  142.65
  150.75
  141.39
  155.11
  143.55
  141.21
  135.20
  115.24
  140.06
  150.46
  145.33
  151.58
  150.08
  146.63
  144.37
  136.37
  142.67
  148.73
  150.76
  135.23
  143.08
  119.57
  147.81
  143.87
  141.65
  141.19
  149.31
Request 100:
  139.03
  137.42
  153.58
  124.37
  140.15
  147.18
  139.27
  140.81
  127.36
  149.85
  134.97
  145.51
  131.79
  142.32
  138.62
  143.69
  138.21
  122.25
  141.53
  144.53
  134.02
  136.05
  140.52
  143.16
  124.29
  135.81
  136.60
  139.18
  145.09
  142.42
Request 500:
  126.04
  123.37
  125.32
  127.39
  125.55
  125.63
  127.03
  123.26
  124.68
  126.36
  123.72
  124.09
  131.06
  116.50
  127.22
  124.28
  117.36
  122.27
  126.18
  127.70
  126.94
  127.59
  126.94
  125.54
  129.11
  127.23
  119.83
  126.41
  121.75
  126.56
Request 1000:
  121.10
  114.75
  115.84
  123.31
  123.73
  117.08
  120.48
  120.37
  123.66
  115.14
  89.57
  88.09
  91.55
  93.97
  93.36
  90.90
  93.81
  104.54
  107.07
  102.03
  97.25
  100.48
  100.88
  101.73
  114.54
  119.50
  117.00
  119.14
  117.36
  118.31
Request 5000:
  108.86
  106.97
  112.98
  109.14
  107.42
  111.50
  114.37
  112.14
  110.32
  112.12
  113.00
  113.46
  95.34
  111.07
  107.21
  103.07
  108.98
  109.43
  108.18
  105.40
  103.91
  109.32
  108.64
  117.33
  119.76
  116.63
  112.15
  110.97
  109.63
  108.56
Request 10000:
  108.51
  111.12
  106.76
  101.67
  110.11
  110.17
  112.39
  110.48
  105.13
  110.23
  102.39
  113.64
  107.88
  103.54
  107.55
  110.82
  104.59
  108.09
  107.98
  105.20
  105.42
  105.09
  110.15
  107.26
  107.59
  103.95
  116.43
  107.60
  104.03
  112.90
