Request 10:
  81.59
  79.48
  88.59
  84.94
  91.14
  81.16
  65.01
  66.74
  87.19
  82.12
  87.04
  72.24
  67.17
  96.02
  78.66
  86.94
  71.98
  69.32
  70.39
  57.05
  75.41
  96.67
  84.94
  76.65
  69.95
  82.74
  81.78
  66.95
  89.23
  98.25
Request 50:
  74.35
  74.67
  77.48
  81.09
  78.79
  69.11
  81.71
  79.09
  77.77
  78.72
  74.91
  77.37
  68.03
  80.48
  73.30
  82.92
  71.45
  78.58
  87.94
  75.71
  76.18
  77.87
  81.22
  82.89
  77.01
  79.07
  78.82
  71.98
  69.47
  80.07
Request 100:
  78.30
  82.35
  80.05
  76.32
  76.38
  85.32
  82.99
  92.59
  92.04
  90.83
  84.56
  82.60
  89.12
  79.38
  86.04
  88.17
  88.86
  94.04
  88.52
  83.15
  93.47
  89.06
  83.12
  85.67
  81.98
  94.67
  89.08
  86.91
  83.57
  88.00
Request 500:
  89.15
  88.21
  88.73
  89.59
  87.36
  88.37
  88.78
  90.02
  88.00
  92.31
  88.45
  87.14
  88.67
  88.94
  87.16
  88.73
  87.30
  88.68
  89.11
  89.58
  88.03
  87.96
  87.87
  87.61
  89.03
  89.64
  88.83
  88.65
  88.85
  88.02
Request 1000:
  89.04
  88.17
  87.73
  86.61
  88.14
  88.30
  88.72
  88.67
  89.87
  89.16
  87.24
  89.30
  89.55
  89.46
  88.56
  89.19
  88.83
  89.41
  88.48
  89.86
  89.68
  88.52
  88.84
  89.60
  88.72
  89.86
  88.89
  89.28
  88.50
  88.83
Request 5000:
  89.49
  88.54
  89.27
  89.84
  89.46
  89.29
  89.76
  89.43
  89.14
  89.32
  88.97
  89.11
  88.77
  88.33
  89.43
  88.78
  88.57
  88.35
  88.81
  88.87
  88.97
  88.72
  88.95
  88.06
  88.77
  88.80
  88.69
  88.70
  88.74
  88.83
Request 10000:
  88.40
  87.64
  88.43
  88.75
  88.67
  88.47
  88.09
  88.32
  88.32
  88.02
  87.76
  88.55
  87.84
  87.99
  87.90
  88.24
  87.82
  87.74
  88.10
  87.99
  87.51
  87.53
  87.93
  87.51
  86.63
  87.54
  87.57
  87.85
  87.45
  87.71
