Request 10:
  82.58
  84.70
  102.15
  109.87
  90.84
  105.28
  97.75
  101.48
  76.98
  109.24
  97.86
  108.11
  96.60
  91.69
  100.14
  93.35
  93.91
  106.81
  100.72
  92.82
  97.13
  92.73
  104.89
  99.29
  105.76
  101.98
  107.89
  110.95
  99.71
  96.29
Request 50:
  103.38
  102.21
  102.41
  90.81
  104.41
  103.25
  108.72
  102.11
  109.96
  105.66
  102.70
  110.79
  102.67
  96.44
  104.75
  102.71
  102.24
  112.71
  110.17
  104.07
  107.30
  106.40
  106.88
  96.70
  98.25
  103.57
  109.88
  100.55
  105.14
  107.41
Request 100:
  104.93
  97.05
  105.97
  105.05
  105.90
  103.42
  105.19
  103.01
  102.60
  103.18
  104.63
  109.52
  101.03
  106.41
  106.94
  101.33
  104.74
  100.88
  108.10
  105.77
  102.30
  109.62
  103.16
  105.79
  103.79
  105.22
  105.40
  102.05
  103.21
  105.72
Request 500:
  100.54
  106.13
  102.02
  104.46
  105.32
  105.89
  107.23
  105.39
  103.30
  104.64
  107.41
  107.87
  105.05
  104.96
  105.30
  104.49
  105.01
  105.84
  105.51
  105.13
  107.03
  107.66
  104.92
  102.57
  101.16
  106.05
  106.15
  105.99
  104.98
  101.85
Request 1000:
  106.51
  105.56
  106.31
  105.91
  102.03
  102.34
  104.22
  106.65
  106.78
  106.20
  105.40
  105.20
  105.85
  105.93
  104.42
  106.04
  106.73
  104.29
  107.44
  105.50
  107.17
  106.10
  105.91
  106.16
  105.08
  106.20
  105.48
  104.80
  103.96
  105.36
Request 5000:
  106.80
  106.79
  107.21
  106.91
  106.31
  106.87
  106.25
  107.04
  107.77
  106.89
  106.49
  106.14
  105.64
  106.85
  106.53
  106.11
  106.26
  106.19
  106.73
  106.69
  106.55
  106.94
  106.15
  105.57
  107.24
  106.24
  107.15
  106.00
  104.50
  106.90
Request 10000:
  107.24
  106.58
  106.39
  106.49
  106.71
  106.14
  105.38
  104.69
  105.56
  107.07
  106.69
  104.86
  106.73
  106.20
  106.32
  105.66
  106.27
  105.55
  106.70
  106.79
  104.65
  107.24
  107.07
  106.18
  106.92
  106.16
  106.42
  105.98
  106.51
  106.51
