Request 10:
  11.90
  132.53
  137.19
  130.39
  160.52
  137.08
  124.57
  162.44
  142.34
  89.09
  147.63
  153.49
  156.82
  138.88
  147.38
  154.81
  33.09
  144.38
  141.70
  144.19
  150.02
  125.98
  148.21
  133.52
  31.98
  133.93
  163.64
  162.64
  140.76
  144.99
Request 50:
  132.22
  144.52
  153.77
  137.37
  149.97
  152.62
  129.94
  127.66
  141.16
  144.83
  142.16
  153.81
  125.45
  145.02
  130.58
  140.38
  151.13
  145.77
  143.04
  147.43
  137.35
  107.98
  137.05
  147.95
  148.62
  138.85
  142.91
  142.95
  140.36
  139.78
Request 100:
  138.11
  133.84
  112.70
  148.62
  129.02
  136.59
  123.72
  128.67
  124.89
  126.71
  141.13
  131.98
  143.60
  127.13
  132.23
  137.76
  131.73
  132.13
  149.42
  133.45
  137.83
  119.89
  137.39
  140.95
  149.65
  139.16
  138.90
  143.95
  114.77
  131.60
Request 500:
  118.57
  121.36
  118.84
  116.04
  117.80
  114.90
  110.51
  116.14
  121.41
  116.58
  120.50
  120.86
  118.36
  114.53
  118.58
  98.84
  99.32
  114.06
  113.78
  111.16
  115.33
  118.25
  121.08
  110.73
  113.53
  116.62
  120.50
  115.00
  116.64
  115.30
Request 1000:
  114.97
  109.42
  113.50
  109.62
  108.87
  109.55
  111.54
  111.79
  108.70
  111.34
  114.26
  110.29
  111.23
  114.89
  112.73
  112.59
  113.13
  107.85
  114.10
  107.92
  104.03
  111.19
  110.99
  112.45
  113.19
  109.31
  107.77
  115.17
  112.89
  109.57
Request 5000:
  102.52
  106.41
  103.12
  107.24
  102.29
  98.67
  107.72
  103.19
  107.50
  101.84
  105.12
  104.84
  104.96
  100.40
  104.17
  100.60
  105.07
  104.47
  100.33
  103.77
  103.45
  102.64
  102.51
  106.47
  104.14
  102.65
  104.12
  102.11
  108.59
  105.31
Request 10000:
  102.18
  100.17
  103.39
  98.75
  98.44
  101.12
  99.64
  98.61
  97.43
  101.67
  99.27
  97.28
  96.37
  99.23
  101.57
  99.12
  105.75
  99.67
  98.22
  100.06
  102.23
  99.68
  99.53
  99.40
  102.73
  101.61
  98.04
  96.88
  98.11
  99.81
